{
 "cells": [
  {
   "cell_type": "code",
   "execution_count": 1,
   "metadata": {},
   "outputs": [],
   "source": [
    "def prepare_data():\n",
    "    import pandas as pd\n",
    "    print(\"---- Inside prepare_data component ----\")\n",
    "    # Load dataset\n",
    "    df = pd.read_csv(\"https://raw.githubusercontent.com/TripathiAshutosh/dataset/main/iris.csv\")\n",
    "    df = df.dropna()\n",
    "    df.to_csv(f'data/final_df.csv', index=False)\n",
    "    print(\"\\n ---- data csv is saved to PV location /data/final_df.csv ----\")"
   ]
  },
  {
   "cell_type": "code",
   "execution_count": 2,
   "metadata": {},
   "outputs": [],
   "source": [
    "def train_test_split():\n",
    "    import pandas as pd\n",
    "    import numpy as np\n",
    "    from sklearn.model_selection import train_test_split\n",
    "    print(\"---- Inside train_test_split component ----\")\n",
    "    final_data = pd.read_csv(f'data/final_df.csv')\n",
    "    target_column = 'class'\n",
    "    X = final_data.loc[:, final_data.columns != target_column]\n",
    "    y = final_data.loc[:, final_data.columns == target_column]\n",
    "    \n",
    "    X_train, X_test, y_train, y_test = train_test_split(X, y, test_size=0.3,stratify = y, random_state=47)\n",
    "    \n",
    "    X_train.to_csv(f'data/X_train.csv', index=False)\n",
    "    X_test.to_csv(f'data/X_test.csv', index=False)\n",
    "    y_train.to_csv(f'data/y_train.csv', index=False)\n",
    "    y_test.to_csv(f'data/y_test.csv', index=False)\n",
    "    \n",
    "    print(\"\\n---- X_train ----\")\n",
    "    print(\"\\n\")\n",
    "    print(X_train)\n",
    "    \n",
    "    print(\"\\n---- X_test ----\")\n",
    "    print(\"\\n\")\n",
    "    print(X_test)\n",
    "    \n",
    "    print(\"\\n---- y_train ----\")\n",
    "    print(\"\\n\")\n",
    "    print(y_train)\n",
    "    \n",
    "    print(\"\\n---- y_test ----\")\n",
    "    print(\"\\n\")\n",
    "    print(y_test)"
   ]
  },
  {
   "cell_type": "code",
   "execution_count": 3,
   "metadata": {},
   "outputs": [],
   "source": [
    "def training_basic_classifier():\n",
    "    import pandas as pd\n",
    "    import numpy as np\n",
    "    from sklearn.linear_model import LogisticRegression\n",
    "    \n",
    "    print(\"---- Inside training_basic_classifier component ----\")\n",
    "    \n",
    "    X_train = pd.read_csv('data/X_train.csv')\n",
    "    y_train = pd.read_csv('data/y_train.csv')\n",
    "    \n",
    "    classifier = LogisticRegression(max_iter=500)\n",
    "    classifier.fit(X_train,y_train)\n",
    "    import pickle\n",
    "    with open(f'data/model.pkl', 'wb') as f:\n",
    "        pickle.dump(classifier, f)\n",
    "    \n",
    "    print(\"\\n logistic regression classifier is trained on iris data and saved to PV location /data/model.pkl ----\")"
   ]
  },
  {
   "cell_type": "code",
   "execution_count": 4,
   "metadata": {},
   "outputs": [],
   "source": [
    "def predict_on_test_data():\n",
    "    import pandas as pd\n",
    "    import numpy as np\n",
    "    import pickle\n",
    "    print(\"---- Inside predict_on_test_data component ----\")\n",
    "    with open(f'data/model.pkl','rb') as f:\n",
    "        logistic_reg_model = pickle.load(f)\n",
    "    X_test = pd.read_csv('data/X_test.csv')\n",
    "    y_pred = logistic_reg_model.predict(X_test)\n",
    "    np.save(f'data/y_pred.npy', y_pred)\n",
    "    \n",
    "    print(\"\\n---- Predicted classes ----\")\n",
    "    print(\"\\n\")\n",
    "    print(y_pred)\n",
    "    "
   ]
  },
  {
   "cell_type": "code",
   "execution_count": 5,
   "metadata": {},
   "outputs": [],
   "source": [
    "def predict_prob_on_test_data():\n",
    "    import pandas as pd\n",
    "    import numpy as np\n",
    "    import pickle\n",
    "    print(\"---- Inside predict_prob_on_test_data component ----\")\n",
    "    with open(f'data/model.pkl','rb') as f:\n",
    "        logistic_reg_model = pickle.load(f)\n",
    "    X_test = pd.read_csv('data/X_test.csv')\n",
    "    y_pred_prob = logistic_reg_model.predict_proba(X_test)\n",
    "    np.save('data/y_pred_prob.npy', y_pred_prob)\n",
    "    \n",
    "    print(\"\\n---- Predicted Probabilities ----\")\n",
    "    print(\"\\n\")\n",
    "    print(y_pred_prob)"
   ]
  },
  {
   "cell_type": "code",
   "execution_count": 6,
   "metadata": {},
   "outputs": [],
   "source": [
    "def get_metrics():\n",
    "    import pandas as pd\n",
    "    import numpy as np\n",
    "    from sklearn.metrics import accuracy_score,precision_score,recall_score,log_loss\n",
    "    from sklearn import metrics\n",
    "    print(\"---- Inside get_metrics component ----\")\n",
    "    y_test = pd.read_csv('data/y_test.csv')\n",
    "    y_pred = np.load('data/y_pred.npy',allow_pickle=True)\n",
    "    y_pred_prob = np.load(f'data/y_pred_prob.npy',allow_pickle=True)\n",
    "    acc = accuracy_score(y_test, y_pred)\n",
    "    prec = precision_score(y_test, y_pred,average='micro')\n",
    "    recall = recall_score(y_test, y_pred,average='micro')\n",
    "    entropy = log_loss(y_test, y_pred_prob)\n",
    "    \n",
    "    print(metrics.classification_report(y_test, y_pred))\n",
    "    print(y_pred)\n",
    "    print(y_pred_prob)\n",
    "    print(\"\\n Model Metrics:\", {'accuracy': round(acc, 2), 'precision': round(prec, 2), 'recall': round(recall, 2), 'entropy': round(entropy, 2)})"
   ]
  },
  {
   "cell_type": "code",
   "execution_count": 7,
   "metadata": {},
   "outputs": [
    {
     "name": "stdout",
     "output_type": "stream",
     "text": [
      "---- Inside prepare_data component ----\n",
      "\n",
      " ---- data csv is saved to PV location /data/final_df.csv ----\n",
      "---- Inside train_test_split component ----\n",
      "\n",
      "---- X_train ----\n",
      "\n",
      "\n",
      "     sepal-length  sepal-width  petal-length  petal-width\n",
      "25            5.0          3.0           1.6          0.2\n",
      "30            4.8          3.1           1.6          0.2\n",
      "74            6.4          2.9           4.3          1.3\n",
      "29            4.7          3.2           1.6          0.2\n",
      "135           7.7          3.0           6.1          2.3\n",
      "..            ...          ...           ...          ...\n",
      "58            6.6          2.9           4.6          1.3\n",
      "15            5.7          4.4           1.5          0.4\n",
      "54            6.5          2.8           4.6          1.5\n",
      "118           7.7          2.6           6.9          2.3\n",
      "139           6.9          3.1           5.4          2.1\n",
      "\n",
      "[105 rows x 4 columns]\n",
      "\n",
      "---- X_test ----\n",
      "\n",
      "\n",
      "     sepal-length  sepal-width  petal-length  petal-width\n",
      "26            5.0          3.4           1.6          0.4\n",
      "41            4.5          2.3           1.3          0.3\n",
      "49            5.0          3.3           1.4          0.2\n",
      "44            5.1          3.8           1.9          0.4\n",
      "141           6.9          3.1           5.1          2.3\n",
      "108           6.7          2.5           5.8          1.8\n",
      "86            6.7          3.1           4.7          1.5\n",
      "142           5.8          2.7           5.1          1.9\n",
      "65            6.7          3.1           4.4          1.4\n",
      "61            5.9          3.0           4.2          1.5\n",
      "124           6.7          3.3           5.7          2.1\n",
      "75            6.6          3.0           4.4          1.4\n",
      "83            6.0          2.7           5.1          1.6\n",
      "8             4.4          2.9           1.4          0.2\n",
      "38            4.4          3.0           1.3          0.2\n",
      "122           7.7          2.8           6.7          2.0\n",
      "1             4.9          3.0           1.4          0.2\n",
      "52            6.9          3.1           4.9          1.5\n",
      "66            5.6          3.0           4.5          1.5\n",
      "78            6.0          2.9           4.5          1.5\n",
      "84            5.4          3.0           4.5          1.5\n",
      "146           6.3          2.5           5.0          1.9\n",
      "134           6.1          2.6           5.6          1.4\n",
      "7             5.0          3.4           1.5          0.2\n",
      "23            5.1          3.3           1.7          0.5\n",
      "143           6.8          3.2           5.9          2.3\n",
      "119           6.0          2.2           5.0          1.5\n",
      "47            4.6          3.2           1.4          0.2\n",
      "76            6.8          2.8           4.8          1.4\n",
      "77            6.7          3.0           5.0          1.7\n",
      "46            5.1          3.8           1.6          0.2\n",
      "148           6.2          3.4           5.4          2.3\n",
      "16            5.4          3.9           1.3          0.4\n",
      "6             4.6          3.4           1.4          0.3\n",
      "43            5.0          3.5           1.6          0.6\n",
      "45            4.8          3.0           1.4          0.3\n",
      "120           6.9          3.2           5.7          2.3\n",
      "149           5.9          3.0           5.1          1.8\n",
      "140           6.7          3.1           5.6          2.4\n",
      "95            5.7          3.0           4.2          1.2\n",
      "59            5.2          2.7           3.9          1.4\n",
      "107           7.3          2.9           6.3          1.8\n",
      "129           7.2          3.0           5.8          1.6\n",
      "92            5.8          2.6           4.0          1.2\n",
      "81            5.5          2.4           3.7          1.0\n",
      "\n",
      "---- y_train ----\n",
      "\n",
      "\n",
      "               class\n",
      "25       Iris-setosa\n",
      "30       Iris-setosa\n",
      "74   Iris-versicolor\n",
      "29       Iris-setosa\n",
      "135   Iris-virginica\n",
      "..               ...\n",
      "58   Iris-versicolor\n",
      "15       Iris-setosa\n",
      "54   Iris-versicolor\n",
      "118   Iris-virginica\n",
      "139   Iris-virginica\n",
      "\n",
      "[105 rows x 1 columns]\n",
      "\n",
      "---- y_test ----\n",
      "\n",
      "\n",
      "               class\n",
      "26       Iris-setosa\n",
      "41       Iris-setosa\n",
      "49       Iris-setosa\n",
      "44       Iris-setosa\n",
      "141   Iris-virginica\n",
      "108   Iris-virginica\n",
      "86   Iris-versicolor\n",
      "142   Iris-virginica\n",
      "65   Iris-versicolor\n",
      "61   Iris-versicolor\n",
      "124   Iris-virginica\n",
      "75   Iris-versicolor\n",
      "83   Iris-versicolor\n",
      "8        Iris-setosa\n",
      "38       Iris-setosa\n",
      "122   Iris-virginica\n",
      "1        Iris-setosa\n",
      "52   Iris-versicolor\n",
      "66   Iris-versicolor\n",
      "78   Iris-versicolor\n",
      "84   Iris-versicolor\n",
      "146   Iris-virginica\n",
      "134   Iris-virginica\n",
      "7        Iris-setosa\n",
      "23       Iris-setosa\n",
      "143   Iris-virginica\n",
      "119   Iris-virginica\n",
      "47       Iris-setosa\n",
      "76   Iris-versicolor\n",
      "77   Iris-versicolor\n",
      "46       Iris-setosa\n",
      "148   Iris-virginica\n",
      "16       Iris-setosa\n",
      "6        Iris-setosa\n",
      "43       Iris-setosa\n",
      "45       Iris-setosa\n",
      "120   Iris-virginica\n",
      "149   Iris-virginica\n",
      "140   Iris-virginica\n",
      "95   Iris-versicolor\n",
      "59   Iris-versicolor\n",
      "107   Iris-virginica\n",
      "129   Iris-virginica\n",
      "92   Iris-versicolor\n",
      "81   Iris-versicolor\n",
      "---- Inside training_basic_classifier component ----\n",
      "\n",
      " logistic regression classifier is trained on iris data and saved to PV location /data/model.pkl ----\n",
      "---- Inside predict_on_test_data component ----\n",
      "\n",
      "---- Predicted classes ----\n",
      "\n",
      "\n",
      "['Iris-setosa' 'Iris-setosa' 'Iris-setosa' 'Iris-setosa' 'Iris-virginica'\n",
      " 'Iris-virginica' 'Iris-versicolor' 'Iris-virginica' 'Iris-versicolor'\n",
      " 'Iris-versicolor' 'Iris-virginica' 'Iris-versicolor' 'Iris-virginica'\n",
      " 'Iris-setosa' 'Iris-setosa' 'Iris-virginica' 'Iris-setosa'\n",
      " 'Iris-versicolor' 'Iris-versicolor' 'Iris-versicolor' 'Iris-versicolor'\n",
      " 'Iris-virginica' 'Iris-virginica' 'Iris-setosa' 'Iris-setosa'\n",
      " 'Iris-virginica' 'Iris-versicolor' 'Iris-setosa' 'Iris-versicolor'\n",
      " 'Iris-virginica' 'Iris-setosa' 'Iris-virginica' 'Iris-setosa'\n",
      " 'Iris-setosa' 'Iris-setosa' 'Iris-setosa' 'Iris-virginica'\n",
      " 'Iris-virginica' 'Iris-virginica' 'Iris-versicolor' 'Iris-versicolor'\n",
      " 'Iris-virginica' 'Iris-virginica' 'Iris-versicolor' 'Iris-versicolor']\n",
      "---- Inside predict_prob_on_test_data component ----\n",
      "\n",
      "---- Predicted Probabilities ----\n",
      "\n",
      "\n",
      "[[9.60745393e-01 3.92536079e-02 9.99056786e-07]\n",
      " [9.34943759e-01 6.50556407e-02 6.00260774e-07]\n",
      " [9.71024558e-01 2.89751828e-02 2.59003139e-07]\n",
      " [9.54913299e-01 4.50842172e-02 2.48395069e-06]\n",
      " [1.74160487e-04 1.08182187e-01 8.91643653e-01]\n",
      " [1.58046949e-05 8.14247051e-02 9.18559490e-01]\n",
      " [3.55213647e-03 7.13406823e-01 2.83041041e-01]\n",
      " [4.28615972e-04 1.90762828e-01 8.08808556e-01]\n",
      " [8.28733738e-03 8.65201615e-01 1.26511048e-01]\n",
      " [1.94235653e-02 8.41244454e-01 1.39331980e-01]\n",
      " [2.90775099e-05 4.05178181e-02 9.59453104e-01]\n",
      " [7.73799007e-03 8.63084708e-01 1.29177302e-01]\n",
      " [7.40206922e-04 3.66430184e-01 6.32829609e-01]\n",
      " [9.67717486e-01 3.22821675e-02 3.46917132e-07]\n",
      " [9.77156724e-01 2.28430792e-02 1.96831902e-07]\n",
      " [1.67788046e-07 8.48989662e-03 9.91509936e-01]\n",
      " [9.59317766e-01 4.06818782e-02 3.56079698e-07]\n",
      " [1.75333803e-03 6.28224280e-01 3.70022382e-01]\n",
      " [1.08853686e-02 7.09769828e-01 2.79344803e-01]\n",
      " [7.35756005e-03 7.51476430e-01 2.41166010e-01]\n",
      " [1.23354796e-02 6.90171071e-01 2.97493450e-01]\n",
      " [4.03175962e-04 2.82852445e-01 7.16744379e-01]\n",
      " [1.38188469e-04 2.39396961e-01 7.60464851e-01]\n",
      " [9.68981513e-01 3.10181258e-02 3.61468866e-07]\n",
      " [9.39911723e-01 6.00858922e-02 2.38511583e-06]\n",
      " [5.82747628e-06 1.59661821e-02 9.84027990e-01]\n",
      " [6.45317415e-04 5.18791559e-01 4.80563124e-01]\n",
      " [9.75285894e-01 2.47138465e-02 2.59171495e-07]\n",
      " [1.83068236e-03 7.41800382e-01 2.56368935e-01]\n",
      " [9.28291468e-04 4.20136818e-01 5.78934891e-01]\n",
      " [9.76406148e-01 2.35934864e-02 3.66063637e-07]\n",
      " [8.53363542e-05 3.82996318e-02 9.61615032e-01]\n",
      " [9.85847193e-01 1.41526453e-02 1.61823152e-07]\n",
      " [9.81018698e-01 1.89810294e-02 2.72316452e-07]\n",
      " [9.64742653e-01 3.52557761e-02 1.57135354e-06]\n",
      " [9.61631976e-01 3.83675639e-02 4.59951655e-07]\n",
      " [1.39052187e-05 2.68662751e-02 9.73119820e-01]\n",
      " [7.52172601e-04 2.31924545e-01 7.67323283e-01]\n",
      " [1.56057206e-05 2.44956716e-02 9.75488723e-01]\n",
      " [2.54193691e-02 9.01619642e-01 7.29609893e-02]\n",
      " [4.38556232e-02 8.86532642e-01 6.96117352e-02]\n",
      " [2.29348828e-06 3.06455836e-02 9.69352123e-01]\n",
      " [4.06154480e-05 1.45726738e-01 8.54232646e-01]\n",
      " [2.11928126e-02 9.37984019e-01 4.08231686e-02]\n",
      " [3.95687187e-02 9.47695713e-01 1.27355683e-02]]\n",
      "---- Inside get_metrics component ----\n",
      "                 precision    recall  f1-score   support\n",
      "\n",
      "    Iris-setosa       1.00      1.00      1.00        15\n",
      "Iris-versicolor       0.93      0.87      0.90        15\n",
      " Iris-virginica       0.88      0.93      0.90        15\n",
      "\n",
      "       accuracy                           0.93        45\n",
      "      macro avg       0.93      0.93      0.93        45\n",
      "   weighted avg       0.93      0.93      0.93        45\n",
      "\n",
      "['Iris-setosa' 'Iris-setosa' 'Iris-setosa' 'Iris-setosa' 'Iris-virginica'\n",
      " 'Iris-virginica' 'Iris-versicolor' 'Iris-virginica' 'Iris-versicolor'\n",
      " 'Iris-versicolor' 'Iris-virginica' 'Iris-versicolor' 'Iris-virginica'\n",
      " 'Iris-setosa' 'Iris-setosa' 'Iris-virginica' 'Iris-setosa'\n",
      " 'Iris-versicolor' 'Iris-versicolor' 'Iris-versicolor' 'Iris-versicolor'\n",
      " 'Iris-virginica' 'Iris-virginica' 'Iris-setosa' 'Iris-setosa'\n",
      " 'Iris-virginica' 'Iris-versicolor' 'Iris-setosa' 'Iris-versicolor'\n",
      " 'Iris-virginica' 'Iris-setosa' 'Iris-virginica' 'Iris-setosa'\n",
      " 'Iris-setosa' 'Iris-setosa' 'Iris-setosa' 'Iris-virginica'\n",
      " 'Iris-virginica' 'Iris-virginica' 'Iris-versicolor' 'Iris-versicolor'\n",
      " 'Iris-virginica' 'Iris-virginica' 'Iris-versicolor' 'Iris-versicolor']\n",
      "[[9.60745393e-01 3.92536079e-02 9.99056786e-07]\n",
      " [9.34943759e-01 6.50556407e-02 6.00260774e-07]\n",
      " [9.71024558e-01 2.89751828e-02 2.59003139e-07]\n",
      " [9.54913299e-01 4.50842172e-02 2.48395069e-06]\n",
      " [1.74160487e-04 1.08182187e-01 8.91643653e-01]\n",
      " [1.58046949e-05 8.14247051e-02 9.18559490e-01]\n",
      " [3.55213647e-03 7.13406823e-01 2.83041041e-01]\n",
      " [4.28615972e-04 1.90762828e-01 8.08808556e-01]\n",
      " [8.28733738e-03 8.65201615e-01 1.26511048e-01]\n",
      " [1.94235653e-02 8.41244454e-01 1.39331980e-01]\n",
      " [2.90775099e-05 4.05178181e-02 9.59453104e-01]\n",
      " [7.73799007e-03 8.63084708e-01 1.29177302e-01]\n",
      " [7.40206922e-04 3.66430184e-01 6.32829609e-01]\n",
      " [9.67717486e-01 3.22821675e-02 3.46917132e-07]\n",
      " [9.77156724e-01 2.28430792e-02 1.96831902e-07]\n",
      " [1.67788046e-07 8.48989662e-03 9.91509936e-01]\n",
      " [9.59317766e-01 4.06818782e-02 3.56079698e-07]\n",
      " [1.75333803e-03 6.28224280e-01 3.70022382e-01]\n",
      " [1.08853686e-02 7.09769828e-01 2.79344803e-01]\n",
      " [7.35756005e-03 7.51476430e-01 2.41166010e-01]\n",
      " [1.23354796e-02 6.90171071e-01 2.97493450e-01]\n",
      " [4.03175962e-04 2.82852445e-01 7.16744379e-01]\n",
      " [1.38188469e-04 2.39396961e-01 7.60464851e-01]\n",
      " [9.68981513e-01 3.10181258e-02 3.61468866e-07]\n",
      " [9.39911723e-01 6.00858922e-02 2.38511583e-06]\n",
      " [5.82747628e-06 1.59661821e-02 9.84027990e-01]\n",
      " [6.45317415e-04 5.18791559e-01 4.80563124e-01]\n",
      " [9.75285894e-01 2.47138465e-02 2.59171495e-07]\n",
      " [1.83068236e-03 7.41800382e-01 2.56368935e-01]\n",
      " [9.28291468e-04 4.20136818e-01 5.78934891e-01]\n",
      " [9.76406148e-01 2.35934864e-02 3.66063637e-07]\n",
      " [8.53363542e-05 3.82996318e-02 9.61615032e-01]\n",
      " [9.85847193e-01 1.41526453e-02 1.61823152e-07]\n",
      " [9.81018698e-01 1.89810294e-02 2.72316452e-07]\n",
      " [9.64742653e-01 3.52557761e-02 1.57135354e-06]\n",
      " [9.61631976e-01 3.83675639e-02 4.59951655e-07]\n",
      " [1.39052187e-05 2.68662751e-02 9.73119820e-01]\n",
      " [7.52172601e-04 2.31924545e-01 7.67323283e-01]\n",
      " [1.56057206e-05 2.44956716e-02 9.75488723e-01]\n",
      " [2.54193691e-02 9.01619642e-01 7.29609893e-02]\n",
      " [4.38556232e-02 8.86532642e-01 6.96117352e-02]\n",
      " [2.29348828e-06 3.06455836e-02 9.69352123e-01]\n",
      " [4.06154480e-05 1.45726738e-01 8.54232646e-01]\n",
      " [2.11928126e-02 9.37984019e-01 4.08231686e-02]\n",
      " [3.95687187e-02 9.47695713e-01 1.27355683e-02]]\n",
      "\n",
      " Model Metrics: {'accuracy': 0.93, 'precision': 0.93, 'recall': 0.93, 'entropy': 0.17}\n"
     ]
    },
    {
     "name": "stderr",
     "output_type": "stream",
     "text": [
      "C:\\Users\\Ashutosh Tripathi\\AppData\\Roaming\\Python\\Python39\\site-packages\\sklearn\\utils\\validation.py:1111: DataConversionWarning: A column-vector y was passed when a 1d array was expected. Please change the shape of y to (n_samples, ), for example using ravel().\n",
      "  y = column_or_1d(y, warn=True)\n"
     ]
    }
   ],
   "source": [
    "prepare_data()\n",
    "train_test_split()\n",
    "training_basic_classifier()\n",
    "predict_on_test_data()\n",
    "predict_prob_on_test_data()\n",
    "get_metrics()"
   ]
  },
  {
   "cell_type": "code",
   "execution_count": null,
   "metadata": {},
   "outputs": [],
   "source": []
  }
 ],
 "metadata": {
  "kernelspec": {
   "display_name": "mlops",
   "language": "python",
   "name": "mlops"
  },
  "language_info": {
   "codemirror_mode": {
    "name": "ipython",
    "version": 3
   },
   "file_extension": ".py",
   "mimetype": "text/x-python",
   "name": "python",
   "nbconvert_exporter": "python",
   "pygments_lexer": "ipython3",
   "version": "3.9.16"
  },
  "vscode": {
   "interpreter": {
    "hash": "11938c6bc6919ae2720b4d5011047913343b08a43b18698fd82dedb0d4417594"
   }
  }
 },
 "nbformat": 4,
 "nbformat_minor": 2
}
